5523.46
9305.94
11188.7
12314.8
13572.4
14701.6
16070.6
17464.5
18672.8
19363.6
20886.9
21984.9
22477.7
23392
24684.5
25692.1
26805.9
26127.1
27963.1
28617.9
29181.8
30239.4
29824.3
31307.2
32111.8
32954.8
34196.4
34352.2
35033.8
36079.3
36427.2
36937.5
37902.3
37353.7
39246.2
39718.8
40632.5
41003.3
41485.9
41761.2
42478.6
43810.6
44275.5
45187
44098.6
45021.1
45771.1
46625.8
45514.7
46460.4
46494.1
47648.5
45966
48246.4
47463.9
47359.2
49555.5
50133.3
48977.5
50403.3
50290.8
50893.7
50032.9
52842.7
52343.5
51975.5
51615.4
53957
53806
53912.2
53458.4
54710.7
54145.7
56076.6
56924.1
56665.6
56088.7
57823.1
56766.8
58727
60186.5
58388.5
60163.9
59600.4
59936.2
58830
60095.6
61710.1
61517.4
62132.2
62474.6
62202.8
61814.5
65077.4
61501.8
63513.7
61618.8
63590.1
63702.3
63691.5
62930.5
63740.7
66321.7
64033.7
66809.4
64637.1
65824.9
66926.6
65597.1
65714.4
65684.7
67401
67726.9
68592.9
68702.4
65848.5
69445.1
68919.2
69254.5
70019.5
68705.6
70813.8
69220
70281
71138.4
69391.9
73155.3
71580.4
70097.7
73222.6
73479.8
71757.9
71289.6
71792.3
70812.8
72012.6
73588.5
73803.5
73022.7
73967.6
72194.1
72769.4
72519.3
72710.8
72235.9
74382.8
73746.6
74678
74328.9
72432.4
75753.5
76112.2
77075.6
75754.4
74813.2
76039.5
77777.7
76569.9
78199.4
80494.9
78320.1
76615.4
75761.7
78492.5
78444.5
76562.4
79587.8
78660.7
78680.1
78345.2
76711.3
79455.8
80105.7
80625.3
80269.6
80208.8
80710.9
82812.6
83378.9
83177
81907.3
78580.7
83100.1
83200
82529.4
82014
83296.3
81409.1
83840.5
79811.9
82123.6
83034
83400.1
84952.6
84592.9
83915.2
81727.6
82563
85485.1
83410.3
84435
84024.6
84927.7
87044.5
85767.4
87593.1
81653
86199.6
85381
84768.3
87581.9
86900
86989.7
88227.5
84985.4
88736.7
87593.7
87810
88260.2
89630
86688.4
87346.3
86289.3
86339.3
88754.2
89989.2
86988.4
88822.3
87223.7
87653.5
89050
89074.4
90258
88575.3
89203.1
89287.7
87271.8
89500.4
93399.5
91091.5
90454.7
89972.3
89206.5
87426.3
89639.4
91815.7
93186.5
92661.8
92126.9
87968.3
92968.3
91003.4
93655.4
90507.6
90618.2
92797.3
95421.4
93314.2
93116.9
95083.9
89992.2
92930.7
93194
90976.4
91876.5
96764.3
93488.2
93245.1
96212.3
93367.2
92695.7
93859.5
99793.7
95774
97853.3
94252.7
94881.1
93249.6
97045.2
96031.3
93135.9
93261.7
97380.9
94737
97529.7
94880.9
95498.1
95558.6
94298.2
95154.1
95419.9
94048.6
97118.4
95804.5
96425.6
94484.4
95536.9
100228
97254.3
96277
97872.8
92762.2
97674.2
98839.6
97197
95695.1
97785.5
98037.4
96453.7
99606.3
97473.8
98468.2
94717
96890
94835.1
97579.9
98729.1
95940
99502.8
97821.9
98342
96211.3
100587
98707.6
100252
95799.1
100125
102597
99129.9
101650
99019
99567.8
98193.8
100020
97622.9
101838
100182
98990.6
96426.1
95358.5
99011.3
101604
99308.6
97492.2
99475.1
100602
101677
100516
100879
98716.3
99905.3
101307
97660.7
98564.8
98490.4
100406
99702.8
101802
102300
101130
102232
99353.4
97788.7
100918
100021
97413.4
101613
101034
100570
99318.9
100013
101137
102163
101440
101144
100725
101716
103855
99011.5
104025
102233
102631
102026
100914
102246
98511.9
104185
103086
102989
101150
100494
100828
100983
99711.1
103211
101993
103278
104160
99608.2
100908
105511
102724
103847
100861
101701
105386
103075
103992
100965
102855
102407
103312
104360
100863
105519
101725
104152
104226
103186
102769
102717
101373
103856
103351
103910
104316
103575
103254
102473
106536
104719
102550
102440
106119
105376
101411
103758
103945
105662
105088
105933
105575
103649
102314
104407
106563
103146
104523
104093
102842
103314
101993
104897
104246
104422
103745
105961
101726
105591
104354
101682
104117
103956
103109
101571
107826
103236
105653
104039
104770
104242
104865
102266
103774
104131
106162
108942
104824
102954
104701
104036
106111
104607
103664
108941
107178
103130
107127
105793
108540
104673
106702
104294
105184
105979
103199
101591
107852
105705
103128
